136
stable:False satoms:82 tatoms:136 sratio:0.6029411764705882
C 9.032149315 -0.889332294 24.272686005
H 14.695921898 -0.797630072 22.848854065
C 9.462924957 4.760391712 22.759342194
C 10.129930496 1.394627690 22.839057922
H 6.713290691 0.941270351 24.973503113
O 7.320978642 -0.665196538 22.744829178
C 8.588108063 -0.718692720 23.148118973
N 10.230214119 3.699183226 22.298795700
C 7.782773018 -1.315258980 19.628559113
H 7.886659622 -1.464748859 18.380014420
H 6.187899113 1.777152658 18.814041138
C 6.205070019 -3.851677179 21.125194550
C 6.028015614 -4.424657345 21.934656143
H 6.499645710 -5.862788200 23.659082413
H 5.538867950 -5.362102509 22.219667435
N 7.678307533 -2.527368307 20.078582764
O 6.680872440 -3.393328428 22.146821976
O 6.004978657 -3.840428591 19.845542908
C 8.356888771 -0.190668240 22.037134171
H 13.052571297 1.146064997 24.952899933
N 9.102414131 -1.868494272 23.436983109
N 7.218329906 -1.562049985 20.719532013
C 8.096392632 -0.496803910 27.541395187
C 8.262329102 -1.231375456 26.511823654
N 12.110690117 -0.956571400 25.206945419
O 11.859368324 -2.540808439 22.556015015
C 13.147911072 -0.674595654 21.496040344
S 11.129625320 -0.192058817 26.022983551
O 13.941840172 -1.540523171 20.824800491
O 8.734405518 0.837236822 25.582757950
O 8.313300133 2.859235287 24.007783890
H 4.870000362 0.636521935 24.745494843
C 4.234296322 1.682741880 21.113719940
C 5.881461143 0.529120743 24.438489914
H 6.046813011 -0.459179938 24.249532700
C 3.153131962 2.621965885 24.303403854
O 7.662507534 -6.033096313 27.275157928
H 10.024784088 -3.331295729 22.625030518
C 9.874389648 -5.402432919 25.253831863
O 7.435845852 -5.810430527 23.621358871
N 9.871578217 -4.092617989 24.748182297
N 8.760449409 -2.614310980 26.936765671
H 7.467755318 -1.571284771 25.971296310
N 10.699085236 -3.402594328 24.601455688
H 9.527374268 5.669662952 22.146396637
H 10.551267624 6.666059494 24.235813141
H 12.835476875 5.229383945 23.762025833
C 12.475540161 2.692198277 23.540542603
H 13.266846657 0.356837094 21.165878296
O 13.479044914 0.775486410 23.099653244
H 14.055855751 -2.219485998 21.482124329
C 11.871447563 5.262126923 23.357952118
H 10.639335632 1.409779310 24.640201569
C 10.763525009 5.649538040 24.344633102
C 5.611948490 1.906965613 22.678361893
H 5.659692764 -0.576591730 21.644762039
C 0.849680960 3.912935972 24.662630081
H -0.445503503 5.399317741 24.096635818
C -0.517823756 4.537859917 24.690753937
H -2.490710497 4.230484962 24.124300003
H -1.486501932 3.237974882 23.205018997
C -1.614785552 3.630619287 24.156885147
C 4.228000641 2.086221218 22.443584442
H 0.965521097 2.881254911 22.840734482
H 10.984641075 5.341042995 25.326883316
C 11.098755836 0.791593432 23.858818054
O 11.572728157 3.174919367 24.281051636
H 11.801997185 5.923140049 22.545059204
H 13.419541359 -2.304512501 24.309835434
C 11.647962570 3.704840899 22.978965759
H 12.138796806 3.757928133 21.976102829
H 13.508827209 2.791378260 23.225593567
O 9.541170120 5.032308578 24.013956070
H 14.070840836 -0.884566367 25.075210571
C 3.624701738 1.878820062 20.223802567
N 5.325739861 1.089184523 20.647472382
C 10.323092461 -2.300176859 22.552942276
C 13.347798347 -1.252295017 24.428937912
N 11.024963379 -0.224085301 22.874731064
C 9.905321121 1.335332751 21.510931015
H 6.497018814 -4.896732330 25.966783524
O 8.147969246 -3.371744156 27.601348877
C 9.980210304 2.379546642 22.284891129
C 8.868035316 -0.295106351 25.485359192
H 9.201439857 -3.435387611 26.610094070
H 8.311164856 -6.622122765 25.603593826
H 9.876845360 -6.126436710 24.471473694
C 7.238117218 2.528020620 29.544355392
C 6.489817142 3.005265951 30.289567947
H 5.887779713 3.530611038 30.876380920
F 5.502540588 0.658527076 29.850221634
C 5.974289894 0.038547128 29.081190109
H 11.634346008 -3.356413603 24.567686081
C 6.288951874 -0.544964254 28.418323517
H 7.806830406 2.125602484 28.874292374
C 7.167084694 -0.525208294 27.967187881
H 8.251561165 -4.033916950 23.398967743
C 7.716803074 -4.506852150 24.215618134
C 8.523486137 -5.681193352 26.082386017
N 8.676517487 -5.384625912 27.361179352
O 8.018487930 4.483928204 22.539379120
N 8.965019226 0.381985903 21.133825302
H 9.986083031 -1.983425617 21.569028854
C 7.722078323 3.639842749 23.532310486
C 6.218989372 1.279922605 23.203130722
H 6.856292725 0.295828164 18.135463715
N 6.907524586 2.158419371 22.578086853
O 6.900995731 3.513459206 24.244102478
H 10.585311890 1.380352378 20.699785233
C 11.231500626 -0.489772975 24.204801559
H 12.107096672 -0.887836814 21.310359955
C 13.687540054 -0.579079986 22.996715546
H 5.458020687 0.999130905 17.701229095
H 1.581246614 4.576182842 24.275148392
H 1.093461514 3.785691261 25.680049896
H -0.773840070 4.765669823 25.693984985
H -1.738255262 2.826226473 24.869310379
H 0.129222676 2.007361650 24.147504807
C 2.203655243 1.921076417 24.092844009
C 0.959161937 2.627743959 23.867387772
C 5.475209713 0.192282274 19.653001785
C 5.670138359 0.062227197 20.817569733
H 3.396576881 3.526108980 25.108564377
N 3.438636303 2.447148561 23.187891006
N 6.116994381 0.853817642 18.419975281
H 2.169319630 0.877635419 24.170389175
N 3.779922009 2.158057213 19.392507553
H 5.116614819 -0.726762414 19.196174622
H 8.055001259 -0.216638178 19.548130035
H 10.699585915 -5.493768215 25.927970886
C 11.263943672 -1.547177672 23.111288071
C 12.618324280 1.218684912 24.003808975
O 7.639405251 -3.377666712 25.103523254
C 7.481518745 -4.565564632 25.444784164
N 9.917420387 -2.705545187 25.178512573
H 9.299451828 -4.838436127 27.869356155
