136
stable:False satoms:92 tatoms:136 sratio:0.6764705882352942
C 10.269273758 -0.265662432 25.818832397
C 14.205863953 -1.631377459 22.254869461
C 10.236325264 4.386676311 23.188230515
C 8.559641838 1.057845831 24.006025314
C 7.326990604 0.807542741 23.349775314
H 7.815755844 -1.380064964 24.053918839
C 9.871034622 -0.716590345 24.370325089
H 10.540863991 3.989440441 22.180929184
C 7.973156452 -1.968983889 20.796682358
H 6.303287506 -1.835952163 18.359779358
C 4.750330448 1.511486053 19.049253464
C 6.913803101 -3.125175953 20.868724823
N 6.132637501 -4.329693317 22.749916077
C 6.391980648 -5.492676735 23.150842667
H 6.134066582 -6.284638405 22.466482162
H 8.413847923 -1.905899882 18.905504227
N 6.940234661 -3.672264814 22.035566330
O 6.193150520 -3.369254351 19.962982178
C 9.356374741 0.417065382 21.200124741
H 13.632879257 1.157130361 23.474893570
N 9.157071114 -0.595814347 22.206285477
N 7.228761196 0.522099614 20.660491943
C 8.046829224 -0.171745420 27.356185913
N 9.185356140 -0.641926885 26.597618103
H 10.587717056 0.719794869 25.737817764
C 11.670763969 -1.267457724 22.386331558
O 12.575146675 -1.266556144 21.276662827
H 11.097463608 -0.826490700 26.192907333
H 14.689734459 -1.104147792 21.476360321
H 8.491575241 0.906646550 25.075122833
O 8.704776764 2.447418451 23.852140427
O 3.474494457 0.573727012 25.142820358
H 4.231977463 0.268396288 22.055747986
O 5.721294880 1.192438483 24.980611801
N 6.320097923 1.284328818 23.935112000
C 3.505927324 1.343345761 24.286930084
C 7.186290264 -5.778487206 24.458347321
H 10.643092155 -2.963369846 22.402690887
C 9.710723877 -5.782202244 24.733453751
H 7.395307064 -6.802549362 24.397293091
H 10.564027786 -5.148262501 24.660394669
N 8.432740211 -2.732771635 26.751785278
N 8.550621986 -1.690966010 26.004600525
N 9.047680855 -3.977099180 23.468852997
H 8.902085304 5.971786499 22.721448898
C 11.078381538 5.421009541 23.915939331
H 13.212394714 5.611047268 23.908126831
C 12.787888527 3.616268873 23.375299454
H 12.970493317 1.007884264 21.913780212
C 12.674118042 0.937675476 22.972576141
H 13.976535797 -2.635036469 21.795423508
H 12.463462830 5.499063969 22.352943420
H 11.223210335 1.618876576 24.407634735
H 10.721412659 6.413859367 23.792573929
C 5.539040565 2.238918781 23.524871826
C 4.683414459 0.898642302 21.349472046
C 1.095322132 3.617544413 23.887466431
H 0.903544486 4.764667988 23.708419800
C -0.997864246 4.310867786 25.346492767
H -1.273510695 5.052597046 24.633771896
H -2.322856665 3.060547590 24.215410233
C -1.345278502 2.925533772 24.621625900
N 4.196423054 2.076798201 23.416955948
H 1.136598706 3.316188097 22.838930130
H 11.014806747 5.243414879 24.987590790
C 11.485447884 1.147673130 23.462669373
H 10.255233765 3.498215914 23.838289261
C 12.434793472 5.167748451 23.362342834
H 14.635899544 -2.046308517 24.163385391
H 12.222345352 3.205429077 24.192214966
H 12.520071030 3.260159969 22.421825409
H 13.810573578 3.331881046 23.496465683
N 9.023618698 5.021960735 22.957773209
H 12.564126015 -1.690778136 24.950340271
H 4.460562229 1.924702525 21.490356445
C 6.125148296 0.664028466 21.292829514
C 10.196208000 -1.992603540 24.084331512
C 12.913284302 -0.853208423 24.398956299
N 9.454319000 0.132874176 23.325847626
H 8.948324203 0.451217473 20.205358505
H 6.672854424 -5.523993492 25.430259705
O 8.383374214 -2.911116838 27.918052673
H 10.716449738 1.674484015 22.747720718
C 8.902558327 -1.525548458 24.590663910
H 9.924062729 -3.780427694 26.158893585
H 8.917739868 -6.978145599 26.285362244
H 9.816933632 -6.693885803 24.171295166
C 6.888169289 2.435015202 29.288663864
C 5.835403919 2.675755739 29.978277206
H 5.628183842 3.454243660 30.622930527
C 5.153561592 1.658343792 29.614681244
H 4.961472511 0.844044983 29.064435959
H 10.659608841 -2.693616629 24.789318085
C 7.436092377 0.451465458 27.940868378
C 7.307104111 1.644266725 28.657293320
O 6.967805386 -0.645953059 27.491987228
H 8.629156113 -3.260693073 22.954452515
C 8.516125679 -4.964303970 24.173984528
C 9.411346436 -6.018481731 26.178987503
N 8.521667480 -5.082720757 26.845073700
O 7.059183121 4.812331200 22.236629486
H 9.057125092 1.314026356 21.674997330
C 8.917320251 -1.727213502 21.585002899
C 7.937946796 4.218389034 22.696035385
C 6.884088039 0.498706698 21.906576157
O 7.409159184 -0.205162585 18.694189072
N 8.070655823 2.908519506 22.810117722
O 5.841070652 3.366927147 23.319171906
O 10.623096466 0.334054202 21.067293167
C 11.963952065 -0.115677841 23.465700150
C 11.510475159 -0.703845859 21.403747559
C 14.006752014 -1.472095251 23.568403244
C 5.538927078 1.072001219 18.071216583
C 1.267652988 3.707322836 25.177907944
O 0.205794334 4.409079075 25.913999557
H -1.623741746 4.368622303 26.191762924
H -1.378253102 2.273619175 25.479982376
H -0.779310703 2.413331270 23.892244339
C 1.241650224 2.541121006 24.607507706
C 3.236592531 2.258784771 23.393171310
C 4.449339867 0.829488575 20.042272568
H 5.822834015 -0.860522985 19.792901993
H 2.272438288 4.108379364 25.727893829
N 3.075702190 3.014588118 22.596033096
N 6.186532021 0.687138498 17.416824341
H 1.318940163 1.486253738 24.523614883
H 4.373862267 2.493824720 19.099142075
N 6.461695671 -1.130287290 19.060459137
C 7.708790779 -1.270628452 19.453382492
H 10.358505249 -5.961821079 26.692604065
N 11.028075218 -2.299174786 22.971837997
H 12.974452972 -0.076744385 25.143747330
H 7.577450752 -3.279872894 24.939161301
C 8.807475090 -3.881586313 26.094715118
N 8.475920677 -3.720247746 24.723484039
H 8.812981606 -4.771687984 27.799243927
