136
stable:False satoms:97 tatoms:136 sratio:0.7132352941176471
C 9.196705818 -0.886172831 25.443752289
C 13.835746765 -0.769887090 22.555656433
C 10.723854065 5.354003906 24.319004059
C 9.044954300 1.144556403 23.697622299
H 8.146389008 1.628022432 23.985361099
H 7.764803410 -0.667743981 23.902029037
C 8.739150047 -0.267308861 23.597826004
N 10.413351059 2.411380291 22.085517883
H 8.451049805 -2.100370407 20.476564407
H 7.562030792 -2.225668192 18.871662140
C 6.026815414 0.446355790 18.244621277
C 6.701718807 -3.276341438 20.441858292
C 6.332067013 -4.493611336 22.214511871
C 6.131074905 -5.542571068 22.631891251
C 6.260081768 -6.226297855 22.093883514
N 7.644348145 -2.365521193 19.906381607
N 6.791972637 -3.505408764 21.775379181
O 5.878614426 -3.728769064 19.698823929
H 7.810734749 -1.165416956 21.796762466
H 13.960082054 1.577581763 23.261741638
N 8.520390511 -0.629759610 22.157806396
N 7.641888618 -0.171225637 20.061122894
C 8.311464310 -0.251143873 27.314315796
N 8.519371033 -0.029298197 26.141994476
H 12.184284210 -0.193437561 25.491706848
H 12.568197250 -2.715641022 22.818445206
C 13.180342674 -0.888857484 21.508354187
H 10.675583839 1.128160834 25.402002335
H 13.718733788 -1.538683772 20.644851685
H 7.952221394 0.694851518 25.751594543
C 9.123248100 3.592037678 23.368627548
O 4.569224358 0.289218694 24.968919754
O 3.694656849 0.440468162 22.673780441
C 5.657180786 0.760353088 25.276071548
N 5.568809509 1.025920033 24.511661530
C 3.193302631 1.569304705 23.338895798
H 7.375437737 -6.286194324 24.908397675
N 9.935246468 -2.606994629 23.731187820
H 10.846140862 -5.745280266 24.094367981
C 8.089797020 -5.770235538 24.207021713
C 9.648971558 -4.312732697 25.035789490
H 7.694917679 -2.726504564 27.160480499
N 8.817341805 -2.180333614 25.645692825
C 10.638804436 -4.688089371 24.062479019
H 8.766138077 6.689216137 22.947546005
C 9.621852875 4.944471836 23.493423462
H 12.863959312 5.374758244 23.954391479
C 13.062879562 2.168326855 23.284406662
O 13.461370468 0.368224949 21.859836578
N 12.109395027 1.222928286 23.568113327
H 14.753711700 -1.428498387 22.563619614
C 11.944197655 5.343122005 23.406101227
C 10.028850555 2.506082773 23.442905426
H 10.540214539 6.357810497 24.707826614
C 5.682935715 1.622108579 23.288990021
H 5.178505898 -0.172573105 21.434410095
H 0.451737672 2.585198641 23.095079422
H 1.003513217 5.073579311 24.208654404
H -1.066428065 5.198000908 25.635000229
H -2.393771172 4.738520145 23.918312073
C -1.676284671 4.034428596 24.057472229
H -1.351533413 3.325667858 23.403478622
C 4.317607403 1.575092077 22.597112656
N 1.967384100 3.282179832 24.010778427
H 10.803243637 4.731403351 25.194524765
C 11.191092491 0.922635555 24.404733658
H 10.813425064 2.870608091 24.103015900
H 11.885827065 6.241580009 22.830537796
H 13.148335457 -2.871550798 24.403682709
H 11.914798737 4.446810246 22.835365295
H 12.836022377 2.634787321 22.353900909
H 13.211126328 2.929189920 23.997529984
N 8.707212448 5.681406498 22.991748810
H 14.042636871 -0.999374211 24.720037460
O 4.184327126 2.207341433 21.415800095
H 5.776669025 2.206784248 20.297731400
C 10.406883240 -1.877318978 22.685348511
C 12.607310295 -2.161737204 23.757476807
N 10.782319069 -0.495866865 22.674880981
O 8.065474510 0.843986750 20.503547668
H 7.426308632 -4.977333069 26.843397141
H 9.463567734 -2.901412487 27.444610596
H 10.759963036 1.199361086 22.093460083
H 10.218052864 -0.914833248 25.540660858
C 8.605342865 -3.119082451 26.860475540
H 9.494340897 -6.264982700 26.072113037
H 8.885873795 -6.601674080 24.047096252
H 6.942849159 2.799997807 29.789390564
C 5.980293274 2.641457319 30.202795029
H 5.556925774 3.326462030 30.872962952
C 5.508862972 1.633186340 29.675477982
N 5.665332794 0.802801371 28.811090469
H 11.538084984 -4.132937431 24.357946396
C 6.785315037 0.737945437 28.252243042
H 7.365624905 1.584590673 28.056016922
O 7.280217171 -0.438203812 27.883527756
H 10.252230644 -4.464430809 23.036273956
O 8.147925377 -4.882446289 23.184398651
H 10.559563637 -5.065965176 26.724660873
C 8.471047401 -4.666786671 27.074840546
N 7.548889637 4.947419643 22.805379868
H 9.194368362 -0.086969107 21.611917496
H 10.159156799 -2.296412230 21.667335510
C 7.947882175 3.741868973 22.698263168
H 6.353687763 0.958200634 22.803270340
H 8.099177361 -0.177622706 19.121238708
H 7.618828773 2.985716820 22.051300049
H 5.984041214 2.636003256 23.452585220
O 10.007796288 1.321029067 21.341312408
C 9.947736740 0.195457116 23.593862534
H 12.132101059 -1.165850878 21.308637619
C 13.303111076 -0.917429209 23.972955704
H 5.462116241 1.275525928 18.071554184
C 1.463330388 4.332626820 24.870445251
O 0.475617677 4.039611816 25.813507080
C -0.889186680 4.174841881 25.420299530
H -1.346738577 3.351716280 25.929237366
H 0.134439185 1.993555069 24.718360901
C 0.950989664 2.262782574 23.997705460
C 1.808314800 1.087466478 23.875711441
C 4.853122711 1.658642292 20.343931198
C 5.342950344 0.298661113 20.519533157
H 2.358188629 4.677340031 25.416370392
N 3.114268541 2.940292120 23.589174271
H 6.607194901 0.103183366 17.447208405
O 1.593980908 -0.023678910 24.028789520
H 4.134839535 1.823335290 19.538970947
C 6.219686508 -0.201342642 19.530908585
H 6.089866638 -1.226947069 19.473447800
C 9.632632256 -5.200628281 26.254497528
C 11.048312187 -1.695604920 23.492801666
C 12.294155121 0.188417315 24.488988876
C 8.220983505 -4.496853828 24.453039169
H 7.476144791 -3.854904890 24.921833038
N 9.718799591 -2.871158123 24.931583405
H 8.662808418 -4.852933407 28.102991104
